   72.000 2131.4   -0.240 
   74.000 2155.1   -0.296 
   76.000 2179.7   -0.319 
   78.000 2204.7   -0.309 
   80.000 2229.6   -0.264 
   82.000 2254.0   -0.166 
   84.000 2278.0    0.025 
   86.000 2301.5    0.313 
   88.000 2324.7    0.675 
   90.000 2347.6    1.092 
   92.000 2370.1    1.553 
   94.000 2392.3    2.048 
   96.000 2414.0    2.572 
   98.000 2435.5    3.128 
  100.000 2456.7    3.715 
  102.000 2477.6    4.332 
  104.000 2498.1    4.979 
  105.999 2518.4    5.659 
  107.999 2538.5    6.374 
  109.999 2558.3    7.119 
  111.999 2577.8    7.891 
  113.999 2597.0    8.698 
  115.999 2615.9    9.535 
  117.999 2634.6   10.394 
  119.999 2653.0   11.270 
  121.999 2671.3   12.158 
  123.999 2689.3   13.060 
  125.999 2707.1   13.979 
  127.999 2724.6   14.912 
  129.999 2741.9   15.867 
  131.999 2759.0   16.842 
  133.999 2775.9   17.835 
  135.999 2792.6   18.842 
  137.999 2809.0   19.864 
  139.999 2825.3   20.900 
  141.999 2841.4   21.947 
  143.999 2857.3   23.010 
  145.999 2873.0   24.089 
  147.999 2888.5   25.184 
  149.999 2903.9   26.294 
  151.999 2919.1   27.420 
  153.999 2934.1   28.559 
  155.999 2948.9   29.711 
  157.999 2963.6   30.876 
  159.999 2978.1   32.056 
  161.999 2992.5   33.249 
  163.999 3006.7   34.457 
  165.999 3020.8   35.676 
  167.999 3034.7   36.905 
  169.998 3048.5   38.145 
  171.998 3062.1   39.394 
  173.998 3075.6   40.653 
  175.998 3088.9   41.920 
  177.998 3102.1   43.196 
  179.998 3115.2   44.482 
  181.998 3128.1   45.775 
  183.998 3140.8   47.075 
  185.998 3153.5   48.384 
  187.998 3166.0   49.700 
  189.998 3178.4   51.024 
  191.998 3190.7   52.353 
  193.998 3202.9   53.684 
  195.998 3214.9   55.020 
  197.998 3226.9   56.361 
  199.998 3238.6   57.706 
  201.998 3250.3   59.055 
  203.998 3261.9   60.412 
  205.998 3273.3   61.777 
  207.998 3284.6   63.149 
  209.998 3295.8   64.525 
  211.998 3307.0   65.905 
  213.998 3318.0   67.291 
  215.998 3328.9   68.683 
  217.998 3339.7   70.080 
  219.998 3350.4   71.483 
  221.998 3361.0   72.892 
  223.998 3371.5   74.308 
  225.998 3381.9   75.732 
  227.998 3392.3   77.164 
  229.998 3402.5   78.602 
  231.998 3412.6   80.045 
  233.997 3422.6   81.492 
  235.997 3432.5   82.943 
  237.997 3442.4   84.398 
  239.997 3452.1   85.858 
  241.997 3461.8   87.323 
  243.997 3471.4   88.793 
  245.997 3480.9   90.267 
  247.997 3490.4   91.747 
  249.997 3499.7   93.229 
  251.997 3509.0   94.715 
  253.997 3518.2   96.203 
  255.997 3527.3   97.693 
  257.997 3536.3   99.185 
  259.997 3545.2  100.678 
  261.997 3554.1  102.173 
  263.997 3562.8  103.670 
  265.997 3571.5  105.170 
  267.997 3580.1  106.674 
  269.997 3588.7  108.180 
  271.997 3597.1  109.689 
  273.997 3605.5  111.201 
  275.997 3613.8  112.715 
  277.997 3622.1  114.230 
  279.997 3630.3  115.748 
  281.997 3638.5  117.268 
  283.997 3646.5  118.789 
  285.997 3654.5  120.309 
  287.997 3662.4  121.830 
  289.997 3670.3  123.351 
  291.997 3678.1  124.872 
  293.997 3685.8  126.393 
  295.997 3693.5  127.915 
  297.996 3701.1  129.436 
  299.996 3708.6  130.958 
  301.996 3716.1  132.480 
  303.996 3723.5  134.004 
  305.996 3730.9  135.528 
  307.996 3738.2  137.053 
  309.996 3745.5  138.578 
  311.996 3752.7  140.100 
  313.996 3759.8  141.619 
  315.996 3766.9  143.135 
  317.996 3773.9  144.650 
  319.996 3780.8  146.162 
  321.996 3787.7  147.673 
  323.996 3794.6  149.180 
  325.996 3801.4  150.686 
  327.996 3808.2  152.191 
  329.996 3814.9  153.695 
  331.996 3821.5  155.195 
  333.996 3828.1  156.692 
  335.996 3834.6  158.183 
  337.996 3841.1  159.668 
  339.996 3847.6  161.145 
  341.996 3853.9  162.613 
  343.996 3860.3  164.069 
  345.996 3866.6  165.514 
  347.996 3872.8  166.946 
  349.996 3879.0  168.366 
  351.996 3885.2  169.771 
  353.996 3891.3  171.161 
  355.996 3897.4  172.534 
  357.996 3903.4  173.890 
  359.996 3909.4  175.227 
  361.995 3915.3  176.545 
  363.995 3921.2  177.842 
  365.995 3927.0  179.118 
  367.995 3932.8  180.372 
  369.995 3938.6  181.602 
  371.995 3944.3  182.808 
  373.995 3950.0  183.989 
  375.995 3955.6  185.144 
  377.995 3961.2  186.274 
  379.995 3966.8  187.376 
  381.995 3972.3  188.452 
  383.995 3977.8  189.498 
  385.995 3983.2  190.516 
  387.995 3988.7  191.504 
  389.995 3994.0  192.462 
  391.995 3999.3  193.392 
  393.995 4004.6  194.292 
  395.995 4009.9  195.164 
  397.995 4015.1  196.005 
  399.995 4020.3  196.818 
  401.995 4025.5  197.601 
  403.995 4030.6  198.356 
  405.995 4035.7  199.082 
  407.995 4040.7  199.780 
  409.995 4045.7  200.451 
  411.995 4050.6  201.093 
  413.995 4055.6  201.710 
  415.995 4060.6  202.298 
  417.995 4065.5  202.859 
  419.995 4070.4  203.395 
  421.995 4075.3  203.905 
  423.995 4080.1  204.393 
  425.995 4084.9  204.856 
  427.994 4089.6  205.297 
  429.994 4094.3  205.716 
  431.994 4099.0  206.114 
  433.994 4103.6  206.492 
  435.994 4108.2  206.850 
  437.994 4112.8  207.190 
  439.994 4117.4  207.513 
  441.994 4121.9  207.818 
  443.994 4126.4  208.107 
  445.994 4130.9  208.381 
  447.994 4135.4  208.640 
  449.994 4139.8  208.886 
  451.994 4144.2  209.118 
  453.994 4148.6  209.336 
  455.994 4153.0  209.543 
  457.994 4157.3  209.738 
  459.994 4161.6  209.921 
  461.994 4165.9  210.094 
  463.994 4170.2  210.256 
  465.994 4174.5  210.410 
  467.994 4178.7  210.553 
  469.994 4182.9  210.689 
  471.994 4187.1  210.816 
  473.994 4191.2  210.935 
  475.994 4195.4  211.047 
  477.994 4199.5  211.151 
  479.994 4203.6  211.249 
  481.994 4207.7  211.340 
  483.994 4211.7  211.426 
  485.994 4215.8  211.508 
  487.994 4219.8  211.583 
  489.993 4223.7  211.656 
  491.993 4227.7  211.722 
  493.993 4231.6  211.786 
  495.993 4235.6  211.845 
  497.993 4239.5  211.901 
  499.993 4243.3  211.953 
  501.993 4247.2  212.001 
  503.993 4251.0  212.045 
  505.993 4254.9  212.085 
  507.993 4258.7  212.121 
  509.993 4262.5  212.153 
  511.993 4266.2  212.181 
  513.993 4270.0  212.204 
  515.993 4273.8  212.223 
  517.993 4277.5  212.236 
  519.993 4281.3  212.245 
  521.993 4285.1  212.246 
  523.993 4288.9  212.242 
  525.993 4292.6  212.231 
  527.993 4296.4  212.214 
  529.993 4300.2  212.191 

