   72.000 1.1565  0.9001 
   74.000 1.1448  0.9125 
   76.000 1.1159  0.9443 
   78.000 1.1080  0.9525 
   80.000 1.1087  0.9514 
   82.000 1.1136  0.9460 
   84.000 1.1189  0.9407 
   86.000 1.1215  0.9390 
   88.000 1.1203  0.9419 
   90.000 1.1239  0.9396 
   92.000 1.1264  0.9380 
   94.000 1.1306  0.9348 
   96.000 1.1343  0.9319 
   98.000 1.1330  0.9347 
  100.000 1.1363  0.9327 
  102.000 1.1395  0.9309 
  104.000 1.1413  0.9307 
  105.999 1.1430  0.9310 
  107.999 1.1444  0.9316 
  109.999 1.1462  0.9318 
  111.999 1.1505  0.9298 
  113.999 1.1542  0.9285 
  115.999 1.1564  0.9283 
  117.999 1.1583  0.9279 
  119.999 1.1587  0.9289 
  121.999 1.1614  0.9273 
  123.999 1.1630  0.9275 
  125.999 1.1676  0.9244 
  127.999 1.1704  0.9233 
  129.999 1.1722  0.9238 
  131.999 1.1742  0.9238 
  133.999 1.1751  0.9248 
  135.999 1.1782  0.9233 
  137.999 1.1802  0.9231 
  139.999 1.1825  0.9224 
  141.999 1.1858  0.9208 
  143.999 1.1890  0.9197 
  145.999 1.1916  0.9194 
  147.999 1.1931  0.9202 
  149.999 1.1942  0.9213 
  151.999 1.1956  0.9222 
  153.999 1.1984  0.9215 
  155.999 1.2027  0.9194 
  157.999 1.2041  0.9206 
  159.999 1.2057  0.9214 
  161.999 1.2082  0.9212 
  163.999 1.2103  0.9216 
  165.999 1.2121  0.9221 
  167.999 1.2141  0.9222 
  169.998 1.2170  0.9213 
  171.998 1.2189  0.9215 
  173.998 1.2210  0.9215 
  175.998 1.2237  0.9209 
  177.998 1.2262  0.9204 
  179.998 1.2290  0.9198 
  181.998 1.2316  0.9191 
  183.998 1.2336  0.9192 
  185.998 1.2354  0.9197 
  187.998 1.2366  0.9204 
  189.998 1.2398  0.9190 
  191.998 1.2430  0.9174 
  193.998 1.2435  0.9185 
  195.998 1.2454  0.9180 
  197.998 1.2485  0.9164 
  199.998 1.2518  0.9147 
  201.998 1.2549  0.9136 
  203.998 1.2573  0.9138 
  205.998 1.2593  0.9142 
  207.998 1.2612  0.9143 
  209.998 1.2633  0.9140 
  211.998 1.2656  0.9135 
  213.998 1.2679  0.9133 
  215.998 1.2702  0.9133 
  217.998 1.2726  0.9131 
  219.998 1.2751  0.9128 
  221.998 1.2771  0.9132 
  223.998 1.2792  0.9138 
  225.998 1.2815  0.9144 
  227.998 1.2841  0.9145 
  229.998 1.2867  0.9143 
  231.998 1.2895  0.9140 
  233.997 1.2924  0.9133 
  235.997 1.2950  0.9128 
  237.997 1.2971  0.9131 
  239.997 1.2985  0.9140 
  241.997 1.3000  0.9149 
  243.997 1.3017  0.9155 
  245.997 1.3038  0.9158 
  247.997 1.3058  0.9162 
  249.997 1.3081  0.9161 
  251.997 1.3105  0.9158 
  253.997 1.3131  0.9151 
  255.997 1.3162  0.9136 
  257.997 1.3195  0.9121 
  259.997 1.3227  0.9107 
  261.997 1.3253  0.9101 
  263.997 1.3274  0.9104 
  265.997 1.3296  0.9108 
  267.997 1.3331  0.9096 
  269.997 1.3362  0.9086 
  271.997 1.3379  0.9091 
  273.997 1.3389  0.9103 
  275.997 1.3401  0.9111 
  277.997 1.3417  0.9119 
  279.997 1.3439  0.9121 
  281.997 1.3470  0.9109 
  283.997 1.3498  0.9096 
  285.997 1.3524  0.9083 
  287.997 1.3552  0.9072 
  289.997 1.3580  0.9063 
  291.997 1.3606  0.9058 
  293.997 1.3627  0.9055 
  295.997 1.3650  0.9049 
  297.996 1.3672  0.9045 
  299.996 1.3691  0.9046 
  301.996 1.3707  0.9050 
  303.996 1.3721  0.9058 
  305.996 1.3738  0.9063 
  307.996 1.3760  0.9062 
  309.996 1.3797  0.9042 
  311.996 1.3839  0.9010 
  313.996 1.3870  0.8988 
  315.996 1.3888  0.8981 
  317.996 1.3905  0.8978 
  319.996 1.3928  0.8971 
  321.996 1.3955  0.8962 
  323.996 1.3976  0.8962 
  325.996 1.3995  0.8966 
  327.996 1.4016  0.8971 
  329.996 1.4039  0.8973 
  331.996 1.4069  0.8968 
  333.996 1.4098  0.8962 
  335.996 1.4121  0.8959 
  337.996 1.4142  0.8955 
  339.996 1.4166  0.8947 
  341.996 1.4193  0.8934 
  343.996 1.4222  0.8917 
  345.996 1.4246  0.8908 
  347.996 1.4263  0.8906 
  349.996 1.4282  0.8903 
  351.996 1.4302  0.8899 
  353.996 1.4325  0.8894 
  355.996 1.4349  0.8888 
  357.996 1.4374  0.8883 
  359.996 1.4400  0.8876 
  361.995 1.4429  0.8865 
  363.995 1.4453  0.8858 
  365.995 1.4473  0.8855 
  367.995 1.4494  0.8850 
  369.995 1.4519  0.8841 
  371.995 1.4549  0.8828 
  373.995 1.4582  0.8811 
  375.995 1.4611  0.8799 
  377.995 1.4630  0.8797 
  379.995 1.4646  0.8798 
  381.995 1.4666  0.8796 
  383.995 1.4689  0.8791 
  385.995 1.4717  0.8784 
  387.995 1.4748  0.8775 
  389.995 1.4778  0.8768 
  391.995 1.4807  0.8761 
  393.995 1.4834  0.8755 
  395.995 1.4855  0.8758 
  397.995 1.4864  0.8774 
  399.995 1.4874  0.8789 
  401.995 1.4899  0.8783 
  403.995 1.4945  0.8745 
  405.995 1.5010  0.8679 
  407.995 1.5060  0.8632 
  409.995 1.5076  0.8631 
  411.995 1.5046  0.8692 
  413.995 1.5011  0.8761 
  415.995 1.5000  0.8799 
  417.995 1.5028  0.8787 
  419.995 1.5079  0.8744 
  421.995 1.5134  0.8700 
  423.995 1.5181  0.8667 
  425.995 1.5216  0.8653 
  427.994 1.5250  0.8641 
  429.994 1.5284  0.8628 
  431.994 1.5316  0.8616 
  433.994 1.5344  0.8606 
  435.994 1.5367  0.8598 
  437.994 1.5387  0.8592 
  439.994 1.5404  0.8589 
  441.994 1.5418  0.8591 
  443.994 1.5435  0.8589 
  445.994 1.5458  0.8581 
  447.994 1.5485  0.8567 
  449.994 1.5514  0.8550 
  451.994 1.5543  0.8533 
  453.994 1.5570  0.8517 
  455.994 1.5591  0.8508 
  457.994 1.5606  0.8503 
  459.994 1.5622  0.8498 
  461.994 1.5640  0.8487 
  463.994 1.5662  0.8472 
  465.994 1.5688  0.8453 
  467.994 1.5716  0.8432 
  469.994 1.5745  0.8409 
  471.994 1.5772  0.8388 
  473.994 1.5794  0.8370 
  475.994 1.5814  0.8351 
  477.994 1.5835  0.8328 
  479.994 1.5856  0.8302 
  481.994 1.5878  0.8272 
  483.994 1.5902  0.8236 
  485.994 1.5932  0.8193 
  487.994 1.5964  0.8144 
  489.993 1.5997  0.8092 
  491.993 1.6026  0.8042 
  493.993 1.6053  0.7994 
  495.993 1.6078  0.7951 
  497.993 1.6101  0.7913 
  499.993 1.6121  0.7882 
  501.993 1.6143  0.7853 
  503.993 1.6166  0.7823 
  505.993 1.6190  0.7792 
  507.993 1.6212  0.7764 
  509.993 1.6227  0.7746 
  511.993 1.6233  0.7742 
  513.993 1.6228  0.7755 
  515.993 1.6214  0.7787 
  517.993 1.6193  0.7831 
  519.993 1.6165  0.7890 
  521.993 1.6136  0.7956 
  523.993 1.6108  0.8026 
  525.993 1.6086  0.8095 
  527.993 1.6077  0.8150 
  529.993 1.6088  0.8182 
